20220001
OC
250
250
20220002
OC
251
251
20220003
OC
252
252
20220004
OC
253
253
20220005
OC
254
254
20220006
OC
255
255
20220007
OC
256
256
20220008
OC
257
257
20220009
OC
258
258
20220010
OC
259
259
20220011
OC
260
260
20220012
OC
261
261
20220013
OC
262
262
20220014
OC
263
263
20220015
OC
264
264
20220016
OC
265
265
20220017
OC
266
266
20220018
OC
267
267
20220019
OC
268
268
20220020
OC
269
269
20220021
OC
270
270
20220022
OC
271
271
20220023
OC
272
272
20220024
OC
273
273
20220025
OC
274
274
20220026
OC
100
100
20220027
OC
101
101
20220028
OC
102
102
20220029
OC
103
103
20220030
OC
104
104
20220031
OC
105
105
20220032
OC
106
106
20220033
OC
107
107
20220034
OC
108
108
20220035
OC
109
109
20220036
OC
110
110
20220037
OC
111
111
20220038
OC
112
112
20220039
OC
113
113
20220040
OC
114
114
20220041
OC
115
115
20220042
OC
116
116
20220043
OC
117
117
20220044
OC
118
118
20220045
OC
119
119
20220046
OC
120
120
20220047
OC
121
121
20220048
OC
122
122
20220049
OC
123
123
20220050
OC
124
124
20220051
OC
1
1
20220052
OC
2
2
20220053
OC
3
3
20220054
OC
4
4
20220055
OC
5
5
20220056
OC
6
6
20220057
OC
7
7
20220058
OC
8
8
20220059
OC
9
9
20220060
OC
10
10
20220061
OC
11
11
20220062
OC
12
12
20220063
OC
13
13
20220064
OC
14
14
20220065
OC
15
15
20220066
OC
16
16
20220067
OC
17
17
20220068
OC
18
18
20220069
OC
19
19
20220070
OC
20
20
20220071
OC
21
21
20220072
OC
22
22
20220073
OC
23
23
20220074
OC
24
24
20220075
OC
25
25
20220076
OC
325
325
20220077
OC
326
326
20220078
OC
327
327
20220079
OC
328
328
20220080
OC
329
329
20220081
OC
330
330
20220082
OC
331
331
20220083
OC
332
332
20220084
OC
333
333
20220085
OC
334
334
20220086
OC
335
335
20220087
OC
336
336
20220088
OC
337
337
20220089
OC
338
338
20220090
OC
339
339
20220091
OC
340
340
20220092
OC
341
341
20220093
OC
342
342
20220094
OC
343
343
20220095
OC
344
344
20220096
OC
345
345
20220097
OC
346
346
20220098
OC
347
347
20220099
OC
348
348
20220100
OC
349
349
20220101
OC
151
151
20220102
OC
152
152
20220103
OC
153
153
20220104
OC
154
154
20220105
OC
155
155
20220106
OC
156
156
20220107
OC
157
157
20220108
OC
158
158
20220109
OC
159
159
20220110
OC
160
160
20220111
OC
161
161
20220112
OC
162
162
20220113
OC
163
163
20220114
OC
164
164
20220115
OC
165
165
20220116
OC
166
166
20220117
OC
167
167
20220118
OC
168
168
20220119
OC
169
169
20220120
OC
170
170
20220121
OC
171
171
20220122
OC
172
172
20220123
OC
173
173
20220124
OC
174
174
20220125
OC
175
175
20220126
OC
176
176
20220127
OC
177
177
20220128
OC
178
178
20220129
OC
179
179
20220130
OC
180
180
20220131
OC
181
181
20220132
OC
182
182
20220133
OC
183
183
20220134
OC
184
184
20220135
OC
185
185
20220136
OC
186
186
20220137
OC
187
187
20220138
OC
188
188
20220139
OC
189
189
20220140
OC
190
190
20220141
OC
191
191
20220142
OC
192
192
20220143
OC
193
193
20220144
OC
194
194
20220145
OC
195
195
20220146
OC
196
196
20220147
OC
197
197
20220148
OC
198
198
20220149
OC
199
199
20220150
OC
200
200
20220151
OBC
201
52
20220152
OBC
202
53
20220153
OBC
203
54
20220154
OBC
204
55
20220155
OBC
205
56
20220156
OBC
206
57
20220157
OBC
207
58
20220158
OBC
208
59
20220159
OBC
209
60
20220160
OBC
210
61
20220161
OBC
211
62
20220162
OBC
212
63
20220163
OBC
213
64
20220164
OBC
214
65
20220165
OBC
215
66
20220166
OBC
216
67
20220167
OBC
217
68
20220168
OBC
218
69
20220169
OBC
219
70
20220170
OBC
220
71
20220171
OBC
221
72
20220172
OBC
222
73
20220173
OBC
223
74
20220174
OBC
224
75
20220175
OBC
225
76
20220176
OBC
226
77
20220177
OBC
227
78
20220178
OBC
228
79
20220179
OBC
229
80
20220180
OBC
230
81
20220181
OBC
231
82
20220182
OBC
232
83
20220183
OBC
233
84
20220184
OBC
234
85
20220185
OBC
235
86
20220186
OBC
236
87
20220187
OBC
237
88
20220188
OBC
238
89
20220189
OBC
239
90
20220190
OBC
240
91
20220191
OBC
241
92
20220192
OBC
242
93
20220193
OBC
243
94
20220194
OBC
244
95
20220195
OBC
245
96
20220196
OBC
246
97
20220197
OBC
247
98
20220198
OBC
248
99
20220199
OBC
249
100
20220200
OBC
26
1
20220201
OBC
27
2
20220202
OBC
28
3
20220203
OBC
29
4
20220204
OBC
30
5
20220205
OBC
31
6
20220206
OBC
32
7
20220207
OBC
33
8
20220208
OBC
34
9
20220209
OBC
35
10
20220210
OBC
36
11
20220211
OBC
37
12
20220212
OBC
38
13
20220213
OBC
39
14
20220214
OBC
40
15
20220215
OBC
41
16
20220216
OBC
42
17
20220217
OBC
43
18
20220218
OBC
44
19
20220219
OBC
45
20
20220220
OBC
46
21
20220221
OBC
47
22
20220222
OBC
48
23
20220223
OBC
49
24
20220224
OBC
50
25
20220225
OBC
51
26
20220226
OBC
52
27
20220227
OBC
53
28
20220228
OBC
54
29
20220229
OBC
55
30
20220230
OBC
56
31
20220231
OBC
57
32
20220232
OBC
58
33
20220233
OBC
59
34
20220234
OBC
60
35
20220235
OBC
61
36
20220236
OBC
62
37
20220237
OBC
63
38
20220238
OBC
64
39
20220239
OBC
65
40
20220240
OBC
66
41
20220241
OBC
67
42
20220242
OBC
68
43
20220243
OBC
69
44
20220244
OBC
70
45
20220245
OBC
71
46
20220246
OBC
72
47
20220247
OBC
73
48
20220248
OBC
74
49
20220249
OBC
75
50
20220250
OBC
76
51
20220251
EWS
77
1
20220252
EWS
78
2
20220253
EWS
79
3
20220254
EWS
80
4
20220255
EWS
81
5
20220256
EWS
82
6
20220257
EWS
83
7
20220258
EWS
84
8
20220259
EWS
85
9
20220260
EWS
86
10
20220261
EWS
87
11
20220262
EWS
88
12
20220263
EWS
89
13
20220264
EWS
90
14
20220265
EWS
91
15
20220266
EWS
92
16
20220267
EWS
93
17
20220268
EWS
94
18
20220269
EWS
95
19
20220270
EWS
96
20
20220271
EWS
97
21
20220272
EWS
98
22
20220273
EWS
99
23
20220274
EWS
350
49
20220275
EWS
351
50
20220276
EWS
352
51
20220277
EWS
353
52
20220278
EWS
354
53
20220279
EWS
355
54
20220280
EWS
356
55
20220281
EWS
357
56
20220282
EWS
358
57
20220283
EWS
359
58
20220284
EWS
360
59
20220285
EWS
361
60
20220286
EWS
362
61
20220287
EWS
363
62
20220288
EWS
364
63
20220289
EWS
365
64
20220290
EWS
366
65
20220291
EWS
367
66
20220292
EWS
368
67
20220293
EWS
369
68
20220294
EWS
370
69
20220295
EWS
371
70
20220296
EWS
372
71
20220297
EWS
373
72
20220298
EWS
374
73
20220299
EWS
375
74
20220300
EWS
376
75
20220301
EWS
377
76
20220302
EWS
378
77
20220303
EWS
379
78
20220304
EWS
380
79
20220305
EWS
381
80
20220306
EWS
382
81
20220307
EWS
383
82
20220308
EWS
384
83
20220309
EWS
385
84
20220310
EWS
386
85
20220311
EWS
387
86
20220312
EWS
388
87
20220313
EWS
389
88
20220314
EWS
390
89
20220315
EWS
391
90
20220316
EWS
392
91
20220317
EWS
393
92
20220318
EWS
394
93
20220319
EWS
395
94
20220320
EWS
396
95
20220321
EWS
397
96
20220322
EWS
398
97
20220323
EWS
399
98
20220324
EWS
400
99
20220325
EWS
300
24
20220326
EWS
301
25
20220327
EWS
302
26
20220328
EWS
303
27
20220329
EWS
304
28
20220330
EWS
305
29
20220331
EWS
306
30
20220332
EWS
307
31
20220333
EWS
308
32
20220334
EWS
309
33
20220335
EWS
310
34
20220336
EWS
311
35
20220337
EWS
312
36
20220338
EWS
313
37
20220339
EWS
314
38
20220340
EWS
315
39
20220341
EWS
316
40
20220342
EWS
317
41
20220343
EWS
318
42
20220344
EWS
319
43
20220345
EWS
320
44
20220346
EWS
321
45
20220347
EWS
322
46
20220348
EWS
323
47
20220349
EWS
324
48
20220350
EWS
450
100
20220351
SC
451
52
20220352
SC
452
53
20220353
SC
453
54
20220354
SC
454
55
20220355
SC
455
56
20220356
SC
456
57
20220357
SC
457
58
20220358
SC
458
59
20220359
SC
459
60
20220360
SC
460
61
20220361
SC
461
62
20220362
SC
462
63
20220363
SC
463
64
20220364
SC
464
65
20220365
SC
465
66
20220366
SC
466
67
20220367
SC
467
68
20220368
SC
468
69
20220369
SC
469
70
20220370
SC
470
71
20220371
SC
471
72
20220372
SC
472
73
20220373
SC
473
74
20220374
SC
474
75
20220375
SC
125
1
20220376
SC
126
2
20220377
SC
127
3
20220378
SC
128
4
20220379
SC
129
5
20220380
SC
130
6
20220381
SC
131
7
20220382
SC
132
8
20220383
SC
133
9
20220384
SC
134
10
20220385
SC
135
11
20220386
SC
136
12
20220387
SC
137
13
20220388
SC
138
14
20220389
SC
139
15
20220390
SC
140
16
20220391
SC
141
17
20220392
SC
142
18
20220393
SC
143
19
20220394
SC
144
20
20220395
SC
145
21
20220396
SC
146
22
20220397
SC
147
23
20220398
SC
148
24
20220399
SC
149
25
20220400
SC
150
26
20220401
SC
275
27
20220402
SC
276
28
20220403
SC
277
29
20220404
SC
278
30
20220405
SC
279
31
20220406
SC
280
32
20220407
SC
281
33
20220408
SC
282
34
20220409
SC
283
35
20220410
SC
284
36
20220411
SC
285
37
20220412
SC
286
38
20220413
SC
287
39
20220414
SC
288
40
20220415
SC
289
41
20220416
SC
290
42
20220417
SC
291
43
20220418
SC
292
44
20220419
SC
293
45
20220420
SC
294
46
20220421
SC
295
47
20220422
SC
296
48
20220423
SC
297
49
20220424
SC
298
50
20220425
SC
299
51
20220426
ST
401
1
20220427
ST
402
2
20220428
ST
403
3
20220429
ST
404
4
20220430
ST
405
5
20220431
ST
406
6
20220432
ST
407
7
20220433
ST
408
8
20220434
ST
409
9
20220435
ST
410
10
20220436
ST
411
11
20220437
ST
412
12
20220438
ST
413
13
20220439
ST
414
14
20220440
ST
415
15
20220441
ST
416
16
20220442
ST
417
17
20220443
ST
418
18
20220444
ST
419
19
20220445
ST
420
20
20220446
ST
421
21
20220447
ST
422
22
20220448
ST
423
23
20220449
ST
424
24
20220450
ST
425
25
20220451
ST
475
50
20220452
ST
476
51
20220453
ST
477
52
20220454
ST
478
53
20220455
ST
479
54
20220456
ST
480
55
20220457
ST
481
56
20220458
ST
482
57
20220459
ST
483
58
20220460
ST
484
59
20220461
ST
485
60
20220462
ST
486
61
20220463
ST
487
62
20220464
ST
488
63
20220465
ST
489
64
20220466
ST
490
65
20220467
ST
491
66
20220468
ST
492
67
20220469
ST
493
68
20220470
ST
494
69
20220471
ST
495
70
20220472
ST
496
71
20220473
ST
497
72
20220474
ST
498
73
20220475
ST
499
74
20220476
ST
500
75
20220477
ST
426
26
20220478
ST
427
27
20220479
ST
428
28
20220480
ST
429
29
20220481
ST
430
30
20220482
ST
431
31
20220483
ST
432
32
20220484
ST
433
33
20220485
ST
434
34
20220486
ST
435
35
20220487
ST
436
36
20220488
ST
437
37
20220489
ST
438
38
20220490
ST
439
39
20220491
ST
440
40
20220492
ST
441
41
20220493
ST
442
42
20220494
ST
443
43
20220495
ST
444
44
20220496
ST
445
45
20220497
ST
446
46
20220498
ST
447
47
20220499
ST
448
48
20220500
ST
449
49