STUDENTS IN CSE BRANCH 
20220029
20220043
20220046
20220057
20220071
20220102
20220104
20220113
20220170
20220188
20220198
20220253
20220258
20220263
20220268
20220273
20220353
20220358
20220418
20220423
20220448
20220480
STUDENTS IN ECE BRANCH 
20220121
20220122
20220123
20220168
20220196
20220207
20220221
20220235
20220249
20220326
20220375
20220380
20220385
20220390
20220395
20220400
20220405
20220410
20220440
20220445
STUDENTS IN MECH BRANCH 
20220026
20220040
20220054
20220068
20220151
20220161
20220169
20220172
20220179
20220187
20220189
20220200
20220255
20220260
20220265
20220270
20220377
20220382
20220387
20220392
20220427
20220432
