STUDENTS IN CSE BRANCH 
20220035
20220039
20220045
20220053
20220063
20220065
20220067
20220202
20220206
20220208
20220222
20220236
20220250
20220327
20220355
20220415
20220420
20220425
20220450
20220478
STUDENTS IN ECE BRANCH 
20220007
20220008
20220157
20220185
20220213
20220217
20220223
20220227
20220231
20220237
20220241
20220245
20220335
20220340
20220345
20220397
20220402
20220407
20220412
20220437
20220442
STUDENTS IN MECH BRANCH 
20220038
20220052
20220064
20220066
20220155
20220165
20220173
20220175
20220216
20220230
20220244
20220254
20220259
20220264
20220269
20220379
20220384
20220394
20220429
20220434
