STUDENTS IN CSE BRANCH 
20220033
20220037
20220042
20220047
20220050
20220061
20220075
20220108
20220116
20220118
20220120
20220125
20220164
20220174
20220176
20220182
20220184
20220192
20220201
20220329
20220334
20220401
20220406
20220411
20220436
20220441
STUDENTS IN ECE BRANCH 
20220107
20220109
20220111
20220117
20220119
20220127
20220135
20220137
20220154
20220156
20220183
20220191
20220193
20220195
20220332
20220337
20220342
20220378
20220383
20220388
20220393
20220398
20220403
20220408
20220413
20220438
20220443
STUDENTS IN MECH BRANCH 
20220032
20220036
20220051
20220060
20220074
20220158
20220163
20220166
20220167
20220186
20220212
20220226
20220240
20220251
20220256
20220261
20220266
20220271
20220430
20220435
