STUDENTS IN CSE BRANCH 
20220027
20220041
20220055
20220069
20220204
20220210
20220214
20220224
20220228
20220234
20220238
20220242
20220325
20220330
20220389
20220399
20220404
20220409
20220414
20220439
20220444
STUDENTS IN ECE BRANCH 
20220049
20220103
20220105
20220133
20220150
20220160
20220178
20220197
20220211
20220225
20220239
20220328
20220376
20220381
20220386
20220391
20220396
20220426
20220431
STUDENTS IN MECH BRANCH 
20220028
20220030
20220056
20220058
20220070
20220072
20220153
20220159
20220177
20220181
20220220
20220248
20220252
20220257
20220262
20220267
20220272
20220428
20220433
